#Exudyn implicit second order time integration solver solution file
#simulation started=2020-03-08,22:20:14
#columns contain: time, ODE2 displacements, ODE2 velocities, ODE2 accelerations, AE coordinates, ODE2 velocities
#number of system coordinates [nODE2, nODE1, nAlgebraic, nData] = [3,0,1,0]
#number of written coordinates [nODE2, nVel2, nAcc2, nODE1, nVel1, nAlgebraic, nData] = [3,3,3,0,0,1,0]
#total columns exported  (excl. time) = 10
#number of time steps (planned) = 100
#
0,0,0,0,0,0,0,0,0,0,0
0.01,6.168375917e-06,0,0,0.001230590995,0,0,0.2449462077,0,0,-1.224731038
0.02,2.467198171e-05,0,0,0.002473154971,0,0,-0.01309825541,0,0,0.06549127705
0.03,5.55062519e-05,0,0,0.00369032025,0,0,0.2869700634,0,0,-1.434850317
0.04,9.866357859e-05,0,0,0.004945192277,0,0,-0.07935193283,0,0,0.3967596641
0.05,0.0001541333133,0,0,0.006143761971,0,0,0.3764605759,0,0,-1.88230288
0.06,0.0002219017698,0,0,0.007416175426,0,0,-0.1958757741,0,0,0.9793788703
0.07,0.0003019522272,0,0,0.008586074807,0,0,0.5239705519,0,0,-2.619852759
0.08,0.0003942649343,0,0,0.009886339884,0,0,-0.3831323849,0,0,1.915661925
0.09,0.0004988171142,0,0,0.01101167339,0,0,0.7588799084,0,0,-3.794399542
0.1,0.0006155829702,0,0,0.01235714526,0,0,-0.6799141842,0,0,3.399570921
0.11,0.0007445336923,0,0,0.01341331166,0,0,1.130905552,0,0,-5.65452776
0.12,0.0008856374636,0,0,0.01483222991,0,0,-1.149209127,0,0,5.746045637
0.13,0.001038859469,0,0,0.01578099107,0,0,1.719489563,0,0,-8.597447817
0.14,0.001204161903,0,0,0.01731873673,0,0,-1.891026317,0,0,9.455131587
0.15,0.00138150398,0,0,0.01810032566,0,0,2.65044381,0,0,-13.25221905
0.16,0.001570841944,0,0,0.01982936077,0,0,-3.06358725,0,0,15.31793625
0.17,0.001772129077,0,0,0.0203499795,0,0,4.122728466,0,0,-20.61364233
0.18,0.001985315716,0,0,0.0223855731,0,0,-4.917063882,0,0,24.58531941
0.19,0.00221034926,0,0,0.02249762018,0,0,6.450907437,0,0,-32.25453719
0.2,0.002447174185,0,0,0.02502271318,0,0,-7.846978047,0,0,39.23489024
0.21,0.002695732059,0,0,0.02449352168,0,0,10.13229979,0,0,-50.66149897
0.22,0.002955961552,0,0,0.02779803741,0,0,-12.47863987,0,0,62.39319934
0.23,0.003227798459,0,0,0.02626044957,0,0,15.95315202,0,0,-79.76576011
0.24,0.003511175706,0,0,0.03080344227,0,0,-19.80064626,0,0,99.00323128
0.25,0.003806023374,0,0,0.02767766872,0,0,25.15649505,0,0,-125.7824753
0.26,0.004112268716,0,0,0.0341855776,0,0,-31.37593892,0,0,156.8796946
0.27,0.004429836168,0,0,0.02855565857,0,0,39.70752153,0,0,-198.5376077
0.28,0.004758647377,0,0,0.03817764385,0,0,-49.67548075,0,0,248.3774037
0.29,0.005098621212,0,0,0.02859613749,0,0,62.71313914,0,0,-313.5656957
0.3,0.005449673791,0,0,0.04314966111,0,0,-78.60578781,0,0,393.0289391
0.31,0.005811718496,0,0,0.02732886114,0,0,99.0852713,0,0,-495.4263565
0.32,0.006184665998,0,0,0.04968794164,0,0,-124.3429411,0,0,621.7147053
0.33,0.006568424278,0,0,0.02401170146,0,0,156.589515,0,0,-782.9475749
0.34,0.00696289865,0,0,0.05872073208,0,0,-196.6511327,0,0,983.2556636
0.35,0.007367991782,0,0,0.01747267319,0,0,247.5030359,0,0,-1237.515179
0.36,0.007783603725,0,0,0.07171684862,0,0,-310.9672471,0,0,1554.836236
0.37,0.008209631932,0,0,0.005860181677,0,0,391.235649,0,0,-1956.178245
0.38,0.008645971286,0,0,0.09099971172,0,0,-491.6965179,0,0,2458.482589
0.39,0.009092514129,0,0,-0.01375182903,0,0,618.4736655,0,0,-3092.368327
0.4,0.009549150281,0,0,0.1202438239,0,0,-777.4228588,0,0,3887.114294
0.41,0.01001576708,0,0,-0.04598812582,0,0,977.7311845,0,0,-4888.655922
0.42,0.01049224938,0,0,0.1652596848,0,0,-1229.146235,0,0,6145.731175
0.43,0.01097847963,0,0,-0.09815910696,0,0,1545.707482,0,0,-7728.53741
0.44,0.01147433786,0,0,0.235234715,0,0,-1943.30569,0,0,9716.528448
0.45,0.01197970172,0,0,-0.1818210938,0,0,2443.661719,0,0,-12218.3086
0.46,0.01249444652,0,0,0.3446951186,0,0,-3072.368341,0,0,15361.84171
0.47,0.01301844525,0,0,-0.3152431044,0,0,3863.300846,0,0,-19316.50423
0.48,0.01355156863,0,0,0.5166075239,0,0,-4857.379949,0,0,24286.89974
0.49,0.01409368511,0,0,-0.5273067467,0,0,6107.707564,0,0,-30538.53782
0.5,0.01464466094,0,0,0.7872825799,0,0,-7679.426337,0,0,38397.13169
0.51,0.01520436017,0,0,-0.8636718291,0,0,9656.046169,0,0,-48280.23084
0.52,0.0157726447,0,0,1.214127389,0,0,-12140.99231,0,0,60704.96153
0.53,0.01634937432,0,0,-1.396524,0,0,15265.86046,0,0,-76329.30229
0.54,0.01693440673,0,0,1.887901857,0,0,-19194.58753,0,0,95972.93763
0.55,0.01752759758,0,0,-2.239985461,0,0,24134.80354,0,0,-120674.0177
0.56,0.01812880051,0,0,2.952095607,0,0,-30346.10006,0,0,151730.5003
0.57,0.01873786718,0,0,-3.57447883,0,0,38156.3276,0,0,-190781.638
0.58,0.01935464732,0,0,4.633562262,0,0,-47976.29197,0,0,239881.4598
0.59,0.01997898873,0,0,-5.685245637,0,0,60323.92145,0,0,-301619.6073
0.6,0.02061073739,0,0,7.290951301,0,0,-75849.07375,0,0,379245.3687
0.61,0.0212497374,0,0,-9.023242886,0,0,95370.19753,0,0,-476850.9877
0.62,0.02189583111,0,0,11.49127731,0,0,-119915.0705,0,0,599575.3524
0.63,0.0225488591,0,0,-14.3014186,0,0,150777.2684,0,0,-753886.342
0.64,0.02320866025,0,0,18.13097354,0,0,-189582.0347,0,0,947910.1736
0.65,0.02387507176,0,0,-22.64692045,0,0,238374.1205,0,0,-1191870.603
0.66,0.02454792921,0,0,28.62727392,0,0,-299723.3297,0,0,1498616.649
0.67,0.02522706658,0,0,-35.84173289,0,0,376862.0125,0,0,-1884310.062
0.68,0.02591231629,0,0,45.22078185,0,0,-473853.2787,0,0,2369266.394
0.69,0.02660350929,0,0,-56.70311691,0,0,595807.0504,0,0,-2979035.252
0.7,0.02730047501,0,0,71.45382225,0,0,-749147.2929,0,0,3745736.464
0.71,0.02800304151,0,0,-89.68507344,0,0,941952.3256,0,0,-4709761.628
0.72,0.02871103542,0,0,112.926701,0,0,-1184378.537,0,0,5921892.687
0.73,0.02942428207,0,0,-141.8292382,0,0,1489197.207,0,0,-7445986.035
0.74,0.03014260547,0,0,178.4933277,0,0,-1872465.553,0,0,9362327.763
0.75,0.03086582838,0,0,-224.2682169,0,0,2354374.291,0,0,-11771871.45
0.76,0.03159377237,0,0,282.1514579,0,0,-2960309.651,0,0,14801548.26
0.77,0.03232625781,0,0,-354.6023111,0,0,3722192.266,0,0,-18610961.33
0.78,0.03306310399,0,0,446.031107,0,0,-4680157.224,0,0,23400786.12
0.79,0.03380412909,0,0,-560.6570476,0,0,5884669.806,0,0,-29423349.03
0.8,0.03454915028,0,0,705.1191392,0,0,-7399182.571,0,0,36995912.85
0.81,0.03529798374,0,0,-886.4237155,0,0,9303479.322,0,0,-46517396.61
0.82,0.0360504447,0,0,1114.728696,0,0,-11697876.8,0,0,58489383.99
0.83,0.0368063475,0,0,-1401.45117,0,0,14708510.49,0,0,-73542552.46
0.84,0.03756550564,0,0,1762.308128,0,0,-18493978.24,0,0,92469891.18
0.85,0.03832773181,0,0,-2215.693979,0,0,23253696.12,0,0,-116268480.6
0.86,0.03909283793,0,0,2786.110551,0,0,-29238402.54,0,0,146192012.7
0.87,0.03986063523,0,0,-3502.986886,0,0,36763367.95,0,0,-183816839.7
0.88,0.04063093427,0,0,4404.709825,0,0,-46225002.11,0,0,231125010.5
0.89,0.04140354499,0,0,-5538.157193,0,0,58121737.57,0,0,-290608687.9
0.9,0.04217827675,0,0,6963.664405,0,0,-73080285.98,0,0,365401429.9
0.91,0.0429549384,0,0,-8755.698289,0,0,91888653.49,0,0,-459443267.5
0.92,0.04373333832,0,0,11009.29143,0,0,-115537651.8,0,0,577688258.9
0.93,0.04451328444,0,0,-13842.53066,0,0,145273093.9,0,0,-726365469.6
0.94,0.04529458434,0,0,17405.30123,0,0,-182661422.3,0,0,913307111.6
0.95,0.04607704521,0,0,-21884.65418,0,0,229672228.4,0,0,-1148361142
0.96,0.04686047403,0,0,27517.19291,0,0,-288782009,0,0,1443910045
0.97,0.04764467746,0,0,-34599.00073,0,0,363104626.6,0,0,-1815523133
0.98,0.04842946205,0,0,43503.77795,0,0,-456555345.3,0,0,2282776726
0.99,0.04921463413,0,0,-54699.98605,0,0,574057084.5,0,0,-2870285422
1,0.05,0,0,68778.06991,0,0,-721799754.7,0,0,3608998774
#simulation finished=2020-03-08,22:20:14
#Solver Info: stepReductionFailed(or step failed)=0,discontinuousIterationsFailed=0,newtonSolutionDiverged=0,massMatrixNotInvertible=1,total time steps=100,total Newton iterations=100,total Newton jacobians=100
